0 138 222 209 52 181 115 98 192 109 138 277 201 272 187 164
138 0 94 85 115 46 179 126 184 138 89 178 70 197 204 27
222 94 0 14 184 83 222 171 180 177 109 98 92 136 213 68
209 85 14 0 171 81 208 157 168 163 95 99 94 132 200 60
52 115 184 171 0 162 78 46 141 59 89 229 184 220 140 136
181 46 83 81 162 0 224 170 219 182 126 180 24 210 243 35
115 179 222 208 78 224 0 54 100 45 113 234 248 208 80 193
98 126 171 157 46 170 54 0 95 14 63 197 194 180 96 139
192 184 180 168 141 219 100 95 0 83 95 153 241 115 37 183
109 138 177 163 59 182 45 14 83 0 68 195 205 175 82 149
138 89 109 95 89 126 113 63 95 68 0 140 149 135 117 91
277 178 98 99 229 180 234 197 153 195 140 0 190 54 190 156
201 70 92 94 184 24 248 194 241 205 149 190 0 225 266 58
272 197 136 132 220 210 208 180 115 175 135 54 225 0 150 181
187 204 213 200 140 243 80 96 37 82 117 190 266 150 0 208
164 27 68 60 136 35 193 139 183 149 91 156 58 181 208 0
