0 165 298 284 69 199 136 121 229 128 195 392 209 376 191 203
165 0 133 119 132 56 241 172 252 191 122 227 88 211 288 38
298 133 0 14 229 99 234 177 245 184 115 102 95 176 281 95
284 119 14 0 215 85 220 163 231 170 101 108 109 162 267 81
69 132 229 215 0 188 109 52 160 59 126 323 220 307 156 138
199 56 99 85 188 0 297 228 308 247 178 193 32 239 344 50
136 241 234 220 109 297 0 69 141 50 119 304 329 288 103 247
121 172 177 163 52 228 69 0 108 19 74 271 260 255 116 178
229 252 245 231 160 308 141 108 0 101 130 163 340 147 38 258
128 191 184 170 59 247 50 19 101 0 69 264 279 248 97 197
195 122 115 101 126 178 119 74 130 69 0 197 210 181 166 128
392 227 102 108 323 193 304 271 163 264 197 0 197 74 201 189
209 88 95 109 220 32 329 260 340 279 210 197 0 271 376 82
376 211 176 162 307 239 288 255 147 248 181 74 271 0 185 189
191 288 281 267 156 344 103 116 38 97 166 201 376 185 0 294
203 38 95 81 138 50 247 178 258 197 128 189 82 189 294 0
