0 280 69 84 214 77 96 32 130 111 18 172 51 139 155 165 78 156 178 166 169 233 85 34 212 86 227 208 118 74 101 102
280 0 349 196 84 357 284 248 150 169 274 186 331 141 203 159 358 124 184 188 111 227 195 302 82 366 221 112 270 298 333 178
69 349 0 153 283 8 65 101 199 180 83 163 30 208 220 196 47 225 243 161 238 168 154 47 281 25 222 277 79 51 36 171
84 196 153 0 130 161 162 68 46 159 78 238 135 55 89 231 162 72 112 232 85 299 3 106 154 170 293 124 184 140 167 104
214 84 283 130 0 291 218 182 84 171 208 250 265 75 137 243 292 60 100 244 45 311 129 236 166 300 305 28 204 232 267 116
77 357 8 161 291 0 73 109 207 188 89 171 36 216 226 204 53 233 249 169 246 174 162 55 289 31 230 285 87 59 30 179
96 284 65 162 218 73 0 94 176 115 114 98 61 143 251 131 78 160 274 96 173 137 159 62 216 82 157 212 22 22 49 106
32 248 101 68 182 109 94 0 98 91 26 170 83 107 157 163 110 124 180 164 137 231 65 54 180 118 225 176 116 72 99 70
130 150 199 46 84 207 176 98 0 173 124 252 181 57 75 245 208 62 98 246 39 313 45 152 168 216 307 78 198 154 183 118
111 169 180 159 171 188 115 91 173 0 111 79 162 116 248 72 189 111 271 73 156 140 156 133 101 197 134 199 101 129 164 55
18 274 83 78 208 89 114 26 124 111 0 190 57 133 137 183 84 150 160 184 163 251 79 52 206 92 245 202 136 92 119 96
172 186 163 238 250 171 98 170 252 79 190 0 145 195 327 33 172 190 350 6 235 61 235 138 118 180 59 278 84 112 147 134
51 331 30 135 265 36 61 83 181 162 57 145 0 190 190 178 27 207 213 143 220 198 136 29 263 35 204 259 83 39 66 153
139 141 208 55 75 216 143 107 57 116 133 195 190 0 132 188 217 17 155 189 40 256 54 161 111 225 250 83 141 157 192 61
155 203 220 89 137 226 251 157 75 248 137 327 190 132 0 320 173 137 45 321 92 388 92 189 243 195 382 131 273 229 256 193
165 159 196 231 243 204 131 163 245 72 183 33 178 188 320 0 205 183 343 35 228 68 228 149 85 213 62 271 117 145 180 127
78 358 47 162 292 53 78 110 208 189 84 172 27 217 173 205 0 234 200 170 247 215 163 56 290 22 231 286 100 60 83 180
156 124 225 72 60 233 160 124 62 111 150 190 207 17 137 183 234 0 160 184 45 251 71 178 106 242 245 88 146 174 209 56
178 184 243 112 100 249 274 180 98 271 160 350 213 155 45 343 200 160 0 344 115 411 115 212 266 218 405 86 296 252 279 216
166 188 161 232 244 169 96 164 246 73 184 6 143 189 321 35 170 184 344 0 229 67 229 132 120 178 61 272 82 110 145 128
169 111 238 85 45 246 173 137 39 156 163 235 220 40 92 228 247 45 115 229 0 296 84 191 151 255 290 43 181 187 222 101
233 227 168 299 311 174 137 231 313 140 251 61 198 256 388 68 215 251 411 67 296 0 296 199 145 193 56 339 115 159 150 195
85 195 154 3 129 162 159 65 45 156 79 235 136 54 92 228 163 71 115 229 84 296 0 107 151 171 290 123 181 137 164 101
34 302 47 106 236 55 62 54 152 133 52 138 29 161 189 149 56 178 212 132 191 199 107 0 234 64 193 230 84 40 67 124
212 82 281 154 166 289 216 180 168 101 206 118 263 111 243 85 290 106 266 120 151 145 151 234 0 298 139 194 202 230 265 110
86 366 25 170 300 31 82 118 216 197 92 180 35 225 195 213 22 242 218 178 255 193 171 64 298 0 239 294 96 68 61 188
227 221 222 293 305 230 157 225 307 134 245 59 204 250 382 62 231 245 405 61 290 56 290 193 139 239 0 333 143 171 206 189
208 112 277 124 28 285 212 176 78 199 202 278 259 83 131 271 286 88 86 272 43 339 123 230 194 294 333 0 224 226 261 144
118 270 79 184 204 87 22 116 198 101 136 84 83 141 273 117 100 146 296 82 181 115 181 84 202 96 143 224 0 44 63 92
74 298 51 140 232 59 22 72 154 129 92 112 39 157 229 145 60 174 252 110 187 159 137 40 230 68 171 226 44 0 35 120
101 333 36 167 267 30 49 99 183 164 119 147 66 192 256 180 83 209 279 145 222 150 164 67 265 61 206 261 63 35 0 155
102 178 171 104 116 179 106 70 118 55 96 134 153 61 193 127 180 56 216 128 101 195 101 124 110 188 189 144 92 120 155 0
