0 140 222 159 271 79 88 274 201 224 176 216 264 201 176 181 80 208 164 148 235 71 95 86 104 196 165 39 62 119 84 71 42 163 57 214 284 184 159 141 127 64 24 75 23 127 175 52 188 178 230 30 32 264 249 194 139 140 158 106 131 181 180 194 145 85 77 199 107 42 182 79 42 215 245 66 172 161 174 158 78 289 107 186 117 102 261 103 81 113 211 189 80 51 129 246 184 50 27 62 195 73 130 163 277 148 49 151 166 87 147 79 59 151 68 153 158 146 213 92 174 112 86 174 314 98 156 272 138 256 71 211 109 206 75 193 188 154 85 52 156 70 258 220 92 114 123 41 255 223 288 97 148 174 112 224 85 126 250 140 256 247 108 220 37 250 238 196 178 106 62 203 229 192 181 233 63 156 174 269 22 146 96 274 138 289 46 106 291 221 138 64 178 63 180 126 143 35 205 190 181 21 45 236 169 226 178 148 187 139 115 53 116 185 124 194 83 169 200 217 73 145 240 292 280 183 81 184 99 274 185 317 60 110 256 181 125 87 290 91 65 302 218 221 198 253 134 125 34 202 220 184 114 160 171 198
140 0 82 119 131 219 128 234 61 224 118 176 224 161 136 155 60 68 70 108 195 211 77 54 244 222 125 179 194 115 188 69 140 59 83 174 244 44 37 5 87 154 116 71 163 139 73 130 328 38 190 122 130 124 109 54 99 98 118 146 271 141 140 218 105 125 87 159 247 182 42 167 174 175 205 102 34 39 134 118 218 249 165 146 193 142 221 143 59 123 171 103 124 157 75 106 144 156 117 138 155 135 158 123 237 8 91 111 126 53 161 119 143 111 208 145 298 286 173 182 134 252 54 266 274 58 30 132 66 216 83 171 135 166 143 153 206 294 225 192 116 70 118 180 82 190 83 181 215 183 248 57 108 118 252 184 89 64 210 12 116 107 180 180 103 210 208 62 138 74 78 163 209 152 117 193 203 296 34 229 162 106 124 234 256 249 170 246 251 181 98 204 222 95 140 150 283 175 183 94 195 133 95 120 137 186 250 288 147 111 75 187 24 145 84 154 223 149 200 77 109 285 100 252 240 143 211 144 59 234 145 277 126 84 116 283 239 201 250 131 205 262 148 81 58 213 6 121 168 210 80 324 34 30 43 158
222 82 0 119 49 301 192 222 81 306 54 112 186 97 84 237 142 56 58 144 131 293 141 136 326 304 119 261 276 197 270 151 222 123 165 110 244 64 63 81 117 236 198 153 245 221 47 212 410 56 218 204 212 42 33 46 103 82 142 210 353 111 108 300 153 189 151 95 329 264 56 249 256 111 269 166 98 103 158 82 300 245 247 228 275 206 189 225 141 205 155 39 206 239 93 40 136 238 199 220 91 217 240 73 173 74 173 79 116 135 243 191 225 161 290 227 380 368 117 264 160 334 136 348 220 128 66 50 84 158 151 215 217 102 225 133 288 376 307 274 82 152 36 116 164 272 135 263 259 141 184 125 168 54 334 120 153 128 290 82 46 33 262 116 185 270 290 26 74 138 160 239 291 136 53 175 285 378 84 165 244 152 188 170 338 185 252 328 187 117 90 286 304 177 144 232 365 257 265 32 277 215 177 56 219 146 332 370 83 193 155 269 106 81 110 90 305 231 282 5 191 367 18 188 208 117 293 106 131 176 91 213 208 148 34 365 321 283 186 195 287 198 84 59 70 149 88 203 250 292 28 406 108 94 51 170
159 119 119 0 168 182 247 115 136 187 73 57 105 52 35 118 167 111 61 25 76 174 196 155 207 185 6 192 157 78 151 188 117 178 104 55 125 119 82 124 32 117 179 84 174 102 72 107 291 111 99 129 127 161 146 101 20 37 23 265 234 22 21 181 34 244 206 58 210 165 111 130 201 56 150 221 153 158 39 37 181 130 128 109 156 261 102 106 174 86 52 86 239 210 44 143 25 119 132 221 36 98 121 46 118 119 178 40 7 76 124 238 218 42 171 108 261 249 54 145 41 215 87 229 155 61 89 169 53 97 202 96 98 103 106 34 169 257 188 169 37 89 155 61 67 153 36 146 140 64 129 176 49 71 215 65 208 183 171 107 153 144 143 91 174 151 171 93 65 193 177 120 172 33 78 74 166 259 139 110 145 33 243 115 219 130 133 209 132 62 29 167 185 96 25 113 246 180 146 87 158 180 168 133 100 67 213 251 52 74 44 150 97 42 35 83 186 112 163 114 86 248 137 133 121 24 174 25 60 115 28 158 219 203 153 246 202 164 131 250 168 143 115 118 125 94 117 84 193 173 117 287 153 149 76 51
271 131 49 168 0 350 201 271 72 355 95 159 235 116 133 286 191 63 107 193 140 342 176 185 375 353 168 310 325 246 319 200 271 114 214 133 293 87 112 130 166 285 247 202 294 270 96 261 459 93 267 253 261 11 42 77 152 131 191 201 402 160 157 349 202 194 194 110 378 313 89 298 305 154 318 205 99 110 207 131 349 294 296 277 324 201 238 274 190 254 204 82 255 288 142 31 185 287 248 269 140 266 289 122 182 123 222 128 165 184 292 240 274 210 339 276 429 417 166 313 209 383 185 397 269 177 115 49 133 207 200 264 266 111 274 182 337 425 356 323 131 201 13 125 213 321 184 312 308 190 229 174 217 97 383 153 186 145 339 131 55 24 311 125 234 319 339 75 103 165 209 288 340 185 90 224 334 427 97 174 293 201 179 179 387 194 301 377 196 132 139 335 353 226 193 281 414 306 314 81 326 264 226 65 268 195 381 419 116 242 204 318 155 126 159 99 354 280 331 54 240 416 31 197 257 166 342 155 180 225 140 222 257 161 37 414 370 332 195 228 336 207 93 50 73 184 137 252 299 341 51 455 157 111 100 219
79 219 301 182 350 0 153 209 280 159 255 191 199 234 217 116 159 287 243 157 242 74 174 165 25 131 182 98 25 104 31 150 79 242 136 217 219 263 238 220 184 65 103 148 80 80 254 89 109 257 165 97 89 343 328 273 198 219 159 171 52 190 193 129 148 156 156 240 28 71 261 52 107 196 180 145 251 240 143 219 31 224 54 121 52 167 196 76 160 96 146 268 145 116 208 325 165 63 102 127 210 84 65 228 212 227 128 222 185 166 82 144 124 140 37 88 79 67 184 37 141 33 165 109 249 173 235 351 217 191 150 146 84 285 76 168 123 75 14 75 219 149 337 243 137 49 166 52 190 160 223 176 133 253 33 197 164 205 185 219 335 326 43 273 116 185 173 275 247 185 141 138 164 165 260 168 42 89 253 226 57 149 175 209 73 224 49 27 226 218 211 15 113 124 157 69 64 86 140 269 116 86 124 315 104 161 113 69 234 108 146 32 195 224 191 265 34 104 135 296 110 66 319 227 215 184 16 195 170 209 210 252 125 189 335 116 60 22 225 156 20 237 297 300 277 188 213 98 99 137 299 105 193 239 250 133
88 128 192 247 201 153 0 362 131 312 246 304 352 289 264 269 80 138 198 236 323 141 51 92 174 284 253 109 150 207 172 59 130 93 143 302 372 128 165 123 215 152 68 163 93 215 201 140 258 136 318 118 120 194 225 146 227 226 246 18 201 269 268 282 233 7 41 287 179 112 136 167 104 303 333 26 102 91 262 246 148 377 195 274 205 14 349 191 73 201 299 231 54 87 203 176 272 138 115 68 283 161 218 251 365 128 69 239 254 171 235 39 73 239 138 241 230 216 301 180 262 182 160 262 402 186 158 232 194 344 45 299 197 294 163 281 276 224 155 122 244 158 188 308 180 202 211 111 343 311 376 71 236 246 182 312 39 64 338 140 238 177 196 308 73 338 326 190 266 54 70 291 317 280 245 321 133 242 108 357 102 234 26 362 226 377 134 176 379 309 226 144 266 151 268 214 213 105 293 222 269 67 79 248 257 314 266 218 275 227 203 141 150 273 212 282 153 257 288 193 161 215 182 380 368 271 169 272 187 362 273 405 56 44 220 269 213 175 378 27 135 390 276 151 128 341 130 213 98 290 164 254 94 98 171 286
274 234 222 115 271 209 362 0 251 84 176 112 36 155 138 93 282 226 164 126 163 283 311 270 212 82 109 307 212 155 190 303 232 293 219 138 22 234 197 239 147 210 294 199 289 147 175 222 188 226 44 244 242 264 249 216 135 140 116 380 209 111 114 80 129 359 321 161 183 280 226 195 316 117 47 336 268 273 100 140 240 23 167 88 157 376 33 171 289 161 67 189 354 325 159 246 90 224 247 336 131 201 144 149 103 234 293 143 108 191 127 353 333 123 246 121 158 200 105 182 100 204 202 126 40 176 204 272 168 64 317 63 165 206 199 89 86 154 223 284 140 204 258 164 182 160 151 261 37 81 42 291 126 174 182 118 323 298 68 222 256 247 166 194 289 48 68 196 168 308 292 71 69 86 181 47 251 156 254 147 260 128 358 128 136 87 228 216 85 139 136 218 96 211 94 148 187 295 69 190 93 295 283 236 105 76 110 208 155 135 159 221 212 145 150 186 243 105 74 217 201 149 240 104 14 105 193 116 175 46 131 87 334 318 256 143 149 187 126 365 229 120 218 229 240 87 232 149 308 72 220 184 268 264 191 76
201 61 81 136 72 280 131 251 0 285 135 193 241 178 153 216 121 25 87 125 212 272 106 115 305 283 142 240 255 176 249 130 201 42 144 191 261 17 54 60 104 215 177 132 224 200 90 191 389 25 207 183 191 83 114 35 116 115 135 129 332 158 157 279 132 124 124 176 308 243 25 228 235 192 248 135 29 40 151 135 279 266 226 207 254 131 238 204 120 184 188 120 185 218 92 45 161 217 178 199 172 196 219 140 254 53 152 128 143 114 222 170 204 140 269 206 359 347 190 243 151 313 115 327 291 107 47 121 83 233 130 194 196 183 204 170 267 355 286 253 133 131 77 197 143 251 114 242 238 200 265 104 147 135 313 201 116 75 269 61 127 48 241 197 164 249 269 79 155 95 139 218 270 169 134 210 264 357 27 246 223 131 107 251 317 266 231 307 268 198 115 265 283 156 157 211 344 236 244 111 256 194 156 137 198 203 311 349 164 172 134 248 85 162 101 171 284 210 261 82 170 346 71 269 257 160 272 161 110 251 162 294 187 91 109 344 300 262 267 158 266 279 165 22 11 230 67 182 229 271 53 385 87 41 60 175
224 224 306 187 355 159 312 84 285 0 260 196 120 239 222 69 232 292 248 162 247 233 261 220 162 28 187 257 162 109 140 253 182 247 169 222 62 268 243 225 189 160 244 153 239 97 259 172 118 262 88 194 192 348 333 278 203 224 164 330 159 195 198 30 153 309 271 245 133 230 266 145 266 201 37 286 256 245 148 224 190 65 117 78 107 326 117 121 239 111 151 273 304 275 213 330 170 174 197 286 215 151 94 233 187 232 243 227 190 171 77 303 283 145 196 79 82 150 189 132 146 154 170 50 90 178 240 356 222 148 267 91 115 290 149 173 36 90 173 234 224 154 342 248 142 110 171 211 47 165 126 241 138 258 132 202 273 248 26 224 340 331 116 278 239 36 16 280 252 258 242 67 15 170 265 131 201 72 258 231 210 154 308 212 86 171 178 166 169 223 216 168 46 161 162 98 137 245 41 274 43 245 233 320 87 160 46 158 239 113 151 171 200 229 196 270 193 75 24 301 151 99 324 188 98 189 143 200 175 130 215 171 284 268 340 59 99 137 210 315 179 204 302 305 282 171 218 103 258 22 304 116 218 244 255 136
176 118 54 73 95 255 246 176 135 260 0 64 140 43 38 191 166 110 48 98 77 247 195 154 280 258 73 215 230 151 224 187 176 177 119 56 198 118 81 123 71 190 178 107 199 175 45 166 364 110 172 158 166 88 73 100 57 36 96 264 307 65 62 254 107 243 205 41 283 218 110 203 210 59 223 220 152 157 112 36 254 199 201 182 229 260 143 179 173 159 109 15 238 209 47 94 90 192 153 220 45 171 194 27 119 118 177 33 70 89 197 237 217 115 244 181 334 322 71 218 114 288 90 302 174 82 88 96 52 112 201 169 171 48 179 87 242 330 261 228 36 106 82 62 118 226 89 217 213 95 134 175 122 2 288 66 207 182 244 106 80 87 216 62 173 224 244 56 20 192 176 193 245 90 5 129 239 332 138 111 198 106 242 116 292 131 206 282 133 63 44 240 258 131 98 186 319 211 219 24 231 179 167 60 173 100 286 324 29 147 109 223 96 31 64 36 259 185 236 53 145 321 64 134 162 71 247 60 85 130 45 159 218 202 80 319 275 237 132 249 241 144 42 113 124 95 116 157 204 246 82 360 152 148 75 124
216 176 112 57 159 191 304 112 193 196 64 0 76 43 40 127 224 168 106 68 51 225 253 212 216 194 51 249 166 97 160 245 174 235 161 26 134 176 139 181 89 152 236 141 231 111 103 164 300 168 108 186 184 152 137 158 77 78 58 322 243 35 36 190 71 301 263 49 219 222 168 139 258 5 159 278 210 215 48 58 190 135 137 118 165 318 79 115 231 103 45 77 296 267 101 152 32 166 189 278 21 143 130 53 61 176 235 65 50 133 133 295 275 65 188 117 270 258 7 154 50 224 144 238 110 118 146 160 110 48 259 105 107 94 141 23 178 266 197 226 60 146 146 52 124 162 93 203 149 31 72 233 68 62 224 8 265 240 180 164 144 145 152 82 231 160 180 114 56 250 234 129 181 26 69 65 193 268 196 53 202 70 300 58 228 73 170 218 75 27 78 176 194 153 36 122 255 237 155 82 167 237 225 124 109 36 222 260 43 83 101 163 154 33 92 74 195 121 172 111 143 257 128 76 98 33 183 32 117 66 31 101 276 260 144 255 211 173 74 307 177 86 106 171 182 37 174 93 250 182 140 296 210 206 133 60
264 224 186 105 235 199 352 36 241 120 140 76 0 119 102 83 272 216 154 116 127 273 301 260 202 118 99 297 202 145 180 293 222 283 209 102 58 224 187 229 137 200 284 189 279 137 151 212 224 216 34 234 232 228 213 206 125 126 106 370 199 83 84 114 119 349 311 125 173 270 216 185 306 81 83 326 258 263 90 106 230 59 157 78 147 366 3 161 279 151 53 153 344 315 149 210 80 214 237 326 95 191 134 113 67 224 283 113 98 181 117 343 323 113 236 111 194 190 69 172 90 194 192 162 50 166 194 236 158 28 307 53 155 170 189 71 102 190 213 274 108 194 222 128 172 150 141 251 73 45 24 281 116 138 172 82 313 288 104 212 220 211 156 158 279 84 104 162 132 298 282 61 105 72 145 31 241 192 244 111 250 118 348 92 152 51 218 206 49 103 126 208 118 201 84 138 179 285 79 154 91 285 273 200 95 40 146 198 119 125 149 211 202 109 140 150 233 95 96 181 191 181 204 68 22 81 183 80 165 10 95 53 324 308 220 179 139 177 90 355 219 84 182 219 230 51 222 139 298 106 188 220 258 254 181 66
201 161 97 52 116 234 289 155 178 239 43 43 119 0 25 170 209 153 91 77 34 226 238 197 259 237 52 234 209 130 203 230 159 220 146 17 177 161 124 166 74 169 221 126 216 154 88 149 343 153 151 171 169 109 94 143 62 63 75 307 286 44 41 233 86 286 248 6 262 207 153 182 243 38 202 263 195 200 91 43 233 178 180 161 208 303 122 158 216 138 88 58 281 252 86 137 69 171 174 263 24 150 173 38 76 161 220 50 49 118 176 280 260 94 223 160 313 301 50 197 93 267 129 281 153 103 131 117 95 91 244 148 150 51 158 66 221 309 240 211 45 131 103 19 109 205 78 196 192 74 113 218 101 43 267 37 250 225 223 149 101 130 195 39 216 203 223 99 23 235 219 172 224 69 44 108 218 311 181 68 187 85 285 73 271 88 185 261 90 20 63 219 237 138 77 165 298 222 198 67 210 222 210 81 152 79 265 303 14 126 88 202 139 16 77 31 238 164 215 96 128 300 107 91 141 50 226 39 102 109 24 116 261 245 101 298 254 216 89 292 220 101 63 156 167 68 159 136 235 225 125 339 195 191 118 103
176 136 84 35 133 217 264 138 153 222 38 40 102 25 0 153 184 128 66 60 59 209 213 172 242 220 35 209 192 113 186 205 138 195 121 38 160 136 99 141 49 152 196 101 191 137 63 128 326 128 134 146 144 126 111 118 37 38 58 282 269 27 24 216 69 261 223 23 245 182 128 165 218 39 185 238 170 175 74 18 216 161 163 144 191 278 105 141 191 121 71 51 256 227 61 112 52 154 149 238 19 133 156 13 101 136 195 25 32 93 159 255 235 77 206 143 296 284 37 180 76 250 104 264 138 78 106 134 70 80 219 131 133 68 141 49 204 292 223 190 20 106 120 44 84 188 53 179 175 57 112 193 84 36 250 48 225 200 206 124 118 109 178 56 191 186 206 74 30 210 194 155 207 52 43 91 201 294 156 93 162 68 260 98 254 113 168 244 115 45 38 202 220 113 60 148 281 197 181 52 193 197 185 98 135 62 248 286 17 109 71 185 114 9 52 48 221 147 198 79 107 283 102 116 124 33 209 22 77 98 9 141 236 220 118 281 237 199 114 267 203 126 80 131 142 77 134 119 210 208 100 322 170 166 93 86
181 155 237 118 286 116 269 93 216 69 191 127 83 170 153 0 189 223 179 93 178 190 218 177 119 67 118 214 119 62 97 210 139 200 126 153 103 199 174 156 120 117 201 106 196 54 190 129 173 193 49 151 149 279 264 209 134 155 95 287 116 126 129 63 84 266 228 176 92 187 197 102 223 132 64 243 187 180 79 155 147 108 74 9 64 283 80 78 196 68 82 204 261 232 144 261 101 131 154 243 146 108 51 164 118 163 200 158 121 102 34 260 240 76 153 28 143 131 120 89 77 111 109 111 133 109 171 287 153 79 224 30 72 221 106 104 51 139 130 191 155 111 273 179 89 67 102 168 74 96 107 198 69 189 97 133 230 205 69 155 271 262 73 209 196 69 57 211 183 215 199 22 54 101 196 62 158 141 189 162 167 85 265 143 101 108 135 123 110 154 147 125 67 118 93 55 128 202 28 205 40 202 190 251 18 91 95 133 170 44 82 128 131 160 127 201 150 12 45 232 108 130 255 119 99 120 100 131 106 93 146 136 241 225 271 128 84 94 141 272 136 135 233 236 213 102 149 56 215 55 235 169 175 175 186 67
80 60 142 167 191 159 80 282 121 232 166 224 272 209 184 189 0 128 118 156 243 151 29 12 184 204 173 119 134 127 128 21 80 83 63 222 292 104 85 61 135 94 56 83 103 135 121 70 268 98 238 62 70 184 169 114 147 146 166 98 211 189 188 202 153 77 39 207 187 122 102 107 114 223 253 54 92 81 182 166 158 297 115 194 133 94 269 111 7 121 219 151 72 97 123 166 192 96 57 78 203 81 138 171 285 68 31 159 174 91 155 71 83 159 148 161 238 226 221 122 182 192 80 206 322 106 78 192 114 264 35 219 117 214 83 201 196 234 165 132 164 78 178 228 100 130 131 121 263 231 296 17 156 166 192 232 41 46 258 60 176 167 120 228 43 258 246 116 186 26 18 211 237 200 165 241 143 236 94 277 102 154 76 282 196 297 110 186 299 229 146 144 186 71 188 134 223 115 213 142 189 73 35 168 177 234 190 228 195 147 123 127 70 193 132 202 163 177 208 137 81 225 160 300 288 191 151 192 107 282 193 325 66 36 176 223 179 141 298 83 145 310 196 141 118 261 54 133 108 210 140 264 34 80 91 206
208 68 56 111 63 287 138 226 25 292 110 168 216 153 128 223 128 0 62 130 187 279 113 122 312 290 117 247 262 183 256 137 208 67 151 166 236 24 49 67 103 222 184 139 231 207 65 198 396 30 204 190 198 58 89 14 91 90 128 154 339 133 132 286 139 133 131 151 315 250 26 235 242 167 255 142 42 47 144 110 286 241 233 214 261 150 213 211 127 191 163 95 192 225 79 38 136 224 185 206 147 203 226 115 229 60 159 103 118 121 229 177 211 147 276 213 366 354 165 250 146 320 122 334 266 114 52 96 70 208 137 201 203 158 211 145 274 362 293 260 108 138 52 172 150 258 121 249 245 175 240 111 154 110 320 176 123 82 276 68 102 39 248 172 171 256 276 54 130 102 146 225 277 144 109 185 271 364 34 221 230 138 132 226 324 241 238 314 243 173 90 272 290 163 132 218 351 243 251 86 263 201 163 112 205 178 318 356 139 179 141 255 92 137 96 146 291 217 268 57 177 353 46 244 232 135 279 136 117 226 137 269 194 98 84 351 307 269 242 165 273 254 140 13 14 205 74 189 236 278 28 392 94 48 37 156
164 70 58 61 107 243 198 164 87 248 48 106 154 91 66 179 118 62 0 86 125 235 147 106 268 246 61 203 218 139 212 139 164 129 107 104 186 70 33 75 59 178 140 95 187 163 11 154 352 62 160 146 154 100 85 52 45 28 84 216 295 71 70 242 95 195 157 89 271 206 62 191 198 105 211 172 104 109 100 48 242 187 189 170 217 212 151 167 125 147 101 33 190 181 35 82 78 180 141 172 85 159 182 53 167 70 129 41 58 77 185 189 169 103 232 169 322 310 103 206 102 276 78 290 204 70 40 108 26 146 153 157 159 96 167 83 230 318 249 216 46 94 94 110 106 214 77 205 201 113 178 127 110 48 276 114 159 134 232 58 92 83 204 110 127 212 232 32 68 144 128 181 233 82 47 123 227 320 90 159 186 94 194 164 280 179 194 270 181 111 32 228 246 119 86 174 307 199 207 26 219 157 119 72 161 116 274 312 77 135 97 211 48 75 52 84 247 173 224 53 133 309 76 182 170 73 235 74 73 164 75 207 170 154 92 307 263 225 180 201 229 192 78 65 76 143 68 145 192 234 56 348 104 100 27 112
148 108 144 25 193 157 236 126 125 162 98 68 116 77 60 93 156 130 86 0 87 157 185 144 182 160 25 181 132 53 126 177 106 167 93 66 136 108 81 113 27 92 168 73 163 77 97 96 266 100 82 118 116 186 171 116 41 62 10 254 209 33 36 156 9 233 195 83 185 154 104 105 190 67 125 210 142 147 26 62 156 141 103 84 131 250 113 81 163 61 63 111 228 199 51 168 36 98 121 210 53 75 96 71 129 108 167 65 28 65 99 227 207 17 146 83 236 224 65 120 26 190 76 204 166 50 78 194 60 108 191 71 73 128 81 45 144 232 163 158 62 78 180 86 56 128 25 135 115 75 140 165 24 96 190 76 197 172 146 96 178 169 118 116 163 126 146 118 90 182 166 95 147 44 103 85 141 234 128 121 134 8 232 126 194 141 108 184 143 73 54 142 160 85 32 88 221 169 121 112 133 169 157 158 75 78 188 226 77 49 33 125 86 67 34 108 161 87 138 139 75 223 162 144 132 35 149 38 49 126 53 169 208 192 178 221 177 139 142 239 143 154 140 143 120 105 106 59 182 148 142 262 142 138 93 50
235 195 131 76 140 242 323 163 212 247 77 51 127 34 59 178 243 187 125 87 0 244 272 231 267 245 70 268 217 138 211 264 193 254 180 25 185 195 158 200 108 177 255 160 250 162 122 183 351 187 159 205 203 129 98 177 96 97 83 341 294 54 55 241 94 320 282 36 270 241 187 190 277 46 210 297 229 234 99 77 241 186 188 169 216 337 130 166 250 146 96 92 315 286 120 171 77 185 208 297 40 162 181 72 60 195 254 84 69 152 184 314 294 102 231 168 321 309 58 205 101 275 163 289 161 137 165 109 129 99 278 156 158 43 166 74 229 317 248 245 79 165 135 15 143 213 112 222 200 82 121 252 109 77 275 45 284 259 231 183 93 164 203 31 250 211 231 133 57 269 253 180 232 77 78 116 226 319 215 34 221 93 319 39 279 76 193 269 78 24 97 227 245 172 85 173 306 256 206 101 218 256 244 75 160 87 273 311 48 134 120 210 173 50 111 41 246 172 223 130 162 308 141 59 149 58 234 51 136 117 50 82 295 279 103 306 262 224 55 326 228 67 55 190 201 76 193 144 269 233 159 347 229 225 152 111
71 211 293 174 342 74 141 283 272 233 247 225 273 226 209 190 151 279 235 157 244 0 166 157 71 205 174 32 71 128 93 142 71 234 128 223 293 255 230 212 176 73 95 140 48 136 246 81 117 249 239 89 81 335 320 265 190 211 167 143 74 190 189 203 154 148 148 232 100 29 253 88 37 224 254 137 243 232 183 211 43 298 116 195 126 141 270 112 152 122 220 260 87 54 200 317 193 59 94 73 204 82 139 220 286 219 120 214 177 158 156 102 68 160 37 162 151 83 222 101 183 79 157 183 323 165 227 343 209 265 142 220 118 277 84 202 197 143 60 19 211 141 329 235 129 123 158 30 264 232 297 168 157 245 101 233 156 197 259 211 327 318 117 265 108 259 247 267 239 177 133 212 238 201 252 242 32 163 245 278 49 155 167 283 147 298 55 67 300 230 203 65 187 116 189 135 96 36 214 261 190 78 116 307 178 235 187 77 226 148 138 62 187 216 183 257 40 178 209 288 102 134 311 301 289 192 90 193 162 283 202 326 85 181 327 190 134 96 299 114 54 311 289 292 269 262 205 134 43 211 291 117 185 231 242 207
95 77 141 196 176 174 51 311 106 261 195 253 301 238 213 218 29 113 147 185 272 166 0 41 199 233 202 134 149 156 143 24 95 68 92 251 321 89 114 72 164 109 71 112 118 164 150 89 283 85 267 77 85 169 174 99 176 175 195 69 226 218 217 231 182 48 18 236 202 137 87 122 129 252 282 29 77 66 211 195 173 326 144 223 154 65 298 140 22 150 248 180 79 112 152 151 221 111 72 93 232 110 167 200 314 77 46 188 203 120 184 64 98 188 163 190 253 241 250 137 211 207 109 221 351 135 107 181 143 293 24 248 146 243 112 230 225 249 180 147 193 107 163 257 129 151 160 136 292 260 325 20 185 195 207 261 12 31 287 89 187 152 145 257 58 287 275 139 215 11 33 240 266 229 194 270 158 251 79 306 117 183 47 311 211 326 125 201 328 258 175 159 215 100 217 163 238 130 242 171 218 88 50 197 206 263 215 243 224 176 152 142 99 222 161 231 178 206 237 142 110 240 145 329 317 220 166 221 136 311 222 354 81 15 169 238 194 156 327 54 160 339 225 126 103 290 79 162 123 239 125 279 43 65 120 235
86 54 136 155 185 165 92 270 115 220 154 212 260 197 172 177 12 122 106 144 231 157 41 0 190 192 161 125 140 115 134 33 86 77 51 210 280 98 73 55 123 100 62 71 109 123 109 76 274 92 226 68 76 178 163 108 135 134 154 110 217 177 176 190 141 89 51 195 193 128 96 113 120 211 241 66 86 75 170 154 164 285 111 182 139 106 257 99 19 109 207 139 84 103 111 160 180 102 63 84 191 81 126 159 273 62 37 147 162 79 143 83 89 147 154 149 244 232 209 128 170 198 68 212 310 94 70 186 102 252 47 207 105 202 89 189 184 240 171 138 152 66 172 216 88 136 119 127 251 219 284 21 144 154 198 220 53 40 246 54 170 161 126 216 49 246 234 110 174 38 24 199 225 188 153 229 149 242 88 265 108 142 88 270 202 285 116 192 287 217 134 150 174 59 176 122 229 121 201 130 177 79 41 156 165 222 196 234 183 135 111 133 58 181 120 190 169 165 196 131 69 231 154 288 276 179 157 180 95 270 181 313 72 48 170 229 185 147 286 95 151 298 184 135 112 249 48 121 114 198 134 270 28 74 85 194
104 244 326 207 375 25 174 212 305 162 280 216 202 259 242 119 184 312 268 182 267 71 199 190 0 134 207 95 50 129 56 175 104 267 161 242 222 288 263 245 209 90 128 173 81 105 279 114 84 282 168 122 114 368 353 298 223 244 184 176 27 215 218 132 173 181 181 265 29 68 286 77 104 221 183 170 276 265 168 244 28 227 79 124 55 174 199 101 185 121 171 293 142 113 233 350 190 88 127 124 235 109 86 253 215 252 153 247 210 191 85 141 121 165 36 99 80 42 209 62 166 8 190 112 252 198 260 376 242 194 175 149 109 310 101 193 126 72 19 72 244 174 362 268 162 54 191 63 193 185 226 201 158 278 30 222 189 230 188 244 360 351 64 298 141 188 176 300 272 210 166 141 167 190 285 171 41 92 278 251 82 174 200 232 76 227 74 4 229 243 236 40 116 149 182 94 39 83 143 294 119 111 149 340 107 180 116 44 259 133 171 57 220 249 216 290 31 107 138 321 135 63 344 230 218 209 33 220 195 212 235 255 122 214 360 119 63 43 230 153 39 240 322 325 302 191 238 123 96 140 324 80 218 264 275 156
196 222 304 185 353 131 284 82 283 28 258 194 118 237 220 67 204 290 246 160 245 205 233 192 134 0 185 229 134 107 112 225 154 245 141 220 88 266 241 223 187 132 216 151 211 83 257 144 106 260 86 166 164 346 331 276 201 222 162 302 131 193 196 4 151 281 243 243 105 202 264 117 238 199 49 258 254 243 146 222 162 93 89 76 79 298 115 93 211 99 149 271 276 247 211 328 168 146 169 258 213 123 66 231 185 230 215 225 188 169 61 275 255 143 168 77 76 122 187 104 144 126 168 44 118 176 238 354 220 146 239 89 87 288 121 171 16 72 145 206 222 152 340 246 140 82 169 183 59 163 124 213 136 256 104 200 245 220 54 222 338 329 88 276 211 54 42 278 250 230 214 65 33 168 263 129 173 74 256 229 182 152 280 210 58 169 150 138 167 221 214 140 18 133 160 72 109 217 39 272 27 217 205 318 85 158 28 130 237 111 149 143 198 227 194 268 165 73 22 299 123 71 322 186 96 187 115 198 173 128 213 169 256 240 338 61 71 109 208 287 151 202 300 303 280 169 216 101 230 12 302 102 196 242 253 134
165 125 119 6 168 182 253 109 142 187 73 51 99 52 35 118 173 117 61 25 70 174 202 161 207 185 0 198 157 78 151 194 123 184 110 49 125 125 88 130 38 117 185 90 180 102 72 113 291 117 99 135 133 161 146 107 26 37 23 271 234 16 15 181 34 250 212 58 210 171 117 130 207 50 150 227 159 164 39 37 181 126 128 109 156 267 96 106 180 86 46 86 245 216 50 143 19 119 138 227 30 98 121 46 112 125 184 40 3 82 124 244 224 42 171 108 261 249 48 145 41 215 93 229 149 67 95 169 59 91 208 96 98 103 106 28 169 257 188 175 37 95 155 61 73 153 42 152 140 58 123 182 49 71 215 59 214 189 171 113 153 144 143 91 180 151 171 93 65 199 183 120 172 27 78 68 166 259 145 104 151 33 249 109 219 124 133 209 126 56 29 167 185 102 25 113 246 186 146 87 158 186 174 133 100 61 213 251 52 74 50 150 103 42 41 83 186 112 163 114 92 248 137 127 115 18 174 19 66 109 28 152 225 209 153 246 202 164 125 256 168 137 115 120 131 88 123 84 199 173 117 287 159 155 82 51
39 179 261 192 310 98 109 307 240 257 215 249 297 234 209 214 119 247 203 181 268 32 134 125 95 229 198 0 95 152 117 110 75 202 96 247 317 223 198 180 160 97 63 108 18 160 214 85 149 217 263 63 65 303 288 233 172 179 191 111 98 214 213 227 178 116 116 232 124 27 221 112 9 248 278 105 211 200 207 191 67 322 140 219 150 109 294 136 120 146 244 228 55 22 168 285 217 83 62 41 228 106 163 196 310 187 88 184 199 126 180 70 36 184 61 186 175 107 246 125 207 103 125 207 347 133 195 311 177 289 110 244 142 245 108 226 221 167 84 23 189 109 297 253 125 147 156 46 288 256 321 136 181 213 125 257 124 165 283 179 295 286 141 253 76 283 271 235 211 145 101 236 262 225 220 266 56 187 213 302 47 179 135 307 171 322 79 91 324 254 171 89 211 96 213 159 120 12 238 229 214 46 84 275 202 259 211 109 220 172 148 86 155 218 157 227 64 202 233 256 106 158 279 325 313 216 114 217 132 307 218 350 53 149 295 214 158 120 323 82 78 335 257 260 237 286 173 158 11 235 259 145 153 199 210 231
62 194 276 157 325 25 150 212 255 162 230 166 202 209 192 119 134 262 218 132 217 71 149 140 50 134 157 95 0 79 22 125 54 217 111 192 222 238 213 195 159 40 82 123 77 65 229 64 134 232 168 72 64 318 303 248 173 194 134 168 77 165 168 132 123 147 131 215 53 68 236 27 104 171 183 124 226 215 118 194 28 227 45 124 55 164 199 51 135 71 149 243 142 113 183 300 140 38 77 124 185 59 68 203 215 202 103 197 160 141 85 141 121 115 34 91 104 92 159 30 116 58 140 112 252 148 210 326 192 194 125 149 59 260 51 143 126 100 31 72 194 124 312 218 112 52 141 49 193 161 226 151 108 228 58 172 139 180 188 194 310 301 46 248 91 188 176 250 222 160 116 141 167 140 235 171 39 102 228 207 48 124 150 212 76 227 24 52 229 193 186 10 116 99 132 64 89 83 143 244 119 83 99 290 107 164 116 94 209 83 121 9 170 199 166 240 31 107 138 271 85 91 294 230 218 159 19 170 145 212 185 255 122 164 310 119 63 25 228 153 17 240 272 275 252 191 188 73 96 140 274 130 168 214 225 136
119 115 197 78 246 104 207 155 176 109 151 97 145 130 113 62 127 183 139 53 138 128 156 115 129 107 78 152 79 0 73 148 77 138 64 113 165 159 134 116 80 55 139 44 134 24 150 67 213 153 111 89 87 239 224 169 94 115 55 225 156 86 89 103 44 204 166 136 132 125 157 52 161 96 126 181 147 136 55 115 103 170 50 67 78 221 142 28 134 8 92 164 199 170 104 221 65 69 92 181 106 46 43 124 158 123 138 118 81 62 46 198 178 36 93 34 183 171 94 67 55 137 61 151 195 69 131 247 113 137 162 92 20 181 44 74 91 179 110 129 115 49 233 139 33 75 62 106 136 104 169 136 29 149 137 105 168 143 131 115 231 222 65 169 134 131 119 171 143 153 137 84 110 73 156 114 96 181 149 150 105 45 203 155 141 170 73 131 172 114 107 89 107 56 61 35 168 140 86 165 80 140 128 211 50 107 135 173 130 20 42 72 91 120 87 161 108 50 85 192 46 170 215 173 161 80 96 91 66 155 106 198 179 163 231 168 124 86 171 210 90 183 193 196 173 134 109 6 153 95 195 209 113 135 146 79
84 188 270 151 319 31 172 190 249 140 224 160 180 203 186 97 128 256 212 126 211 93 143 134 56 112 151 117 22 73 0 119 48 211 105 186 200 232 207 189 153 34 104 117 99 49 223 58 140 226 146 66 58 312 297 242 167 188 128 190 83 159 162 110 117 169 131 209 59 90 230 21 126 165 161 146 220 209 112 188 50 205 23 102 33 186 177 45 129 65 127 237 164 135 177 294 134 34 71 146 179 53 46 197 193 196 103 191 154 135 63 163 143 109 56 69 110 98 153 8 110 64 134 90 230 142 204 320 186 172 127 127 53 254 45 137 104 106 37 94 188 118 306 212 106 30 135 71 171 139 204 145 102 222 64 166 133 174 166 188 304 295 24 242 99 166 154 244 216 154 110 119 145 134 229 149 61 108 222 195 70 118 168 190 68 205 38 58 207 187 180 28 94 93 126 42 95 105 121 238 97 105 93 284 85 142 94 100 203 77 115 31 164 193 160 234 53 85 116 265 79 97 288 208 196 153 23 164 139 190 179 233 144 158 304 97 51 13 206 175 39 218 266 269 246 169 182 67 118 118 268 136 162 208 219 114
71 69 151 188 200 150 59 303 130 253 187 245 293 230 205 210 21 137 139 177 264 142 24 33 175 225 194 110 125 148 119 0 71 92 84 243 313 113 106 70 156 93 47 104 94 156 142 81 259 107 259 59 61 193 178 123 168 167 187 77 202 210 209 223 174 56 18 228 178 113 111 108 105 244 274 33 101 90 203 187 149 318 136 215 146 73 290 132 14 142 240 172 55 88 144 175 213 87 56 69 224 102 159 192 306 77 22 180 195 112 176 50 74 180 139 182 229 217 242 121 203 183 101 203 343 127 99 201 135 285 14 240 138 235 104 222 217 225 156 123 185 99 187 249 121 143 152 112 284 252 317 26 177 187 183 253 20 55 279 81 185 176 137 249 34 279 267 131 207 35 11 232 258 221 186 262 134 227 103 298 93 175 55 303 187 318 101 177 320 250 167 135 207 92 209 155 214 106 234 163 210 64 26 189 198 255 207 219 216 168 144 118 91 214 153 223 154 198 229 146 102 216 169 321 309 212 142 213 128 303 214 346 57 39 185 214 170 132 319 62 136 331 217 150 127 282 71 154 99 231 149 255 43 89 112 227
42 140 222 117 271 79 130 232 201 182 176 174 222 159 138 139 80 208 164 106 193 71 95 86 104 154 123 75 54 77 48 71 0 163 57 172 242 184 159 141 105 22 62 69 57 85 175 10 188 178 188 18 10 264 249 194 119 140 116 148 131 139 138 152 103 127 89 161 107 48 182 37 84 173 203 104 172 161 132 140 78 247 65 144 75 144 219 61 81 71 169 189 122 93 129 246 142 16 23 104 153 31 88 149 235 148 61 143 124 87 105 121 101 109 68 111 158 146 171 50 132 112 86 132 272 94 156 272 138 214 85 169 67 206 33 151 146 154 85 52 140 70 258 178 58 72 87 41 213 181 246 97 106 174 112 182 91 126 208 140 256 247 66 194 57 208 196 196 168 106 62 161 187 150 181 191 63 156 174 227 28 104 126 232 116 247 30 106 249 179 132 64 136 45 138 84 143 63 163 190 139 63 51 236 127 184 136 148 155 97 73 47 116 145 112 186 83 127 158 217 31 145 240 250 238 141 71 142 91 232 143 275 102 110 256 143 99 61 248 133 65 260 218 221 198 211 134 83 76 160 220 184 114 160 171 156
163 59 123 178 114 242 93 293 42 247 177 235 283 220 195 200 83 67 129 167 254 234 68 77 267 245 184 202 217 138 211 92 163 0 106 233 303 59 96 54 146 177 139 94 186 162 132 153 351 67 249 145 153 125 156 77 158 157 177 91 294 200 199 241 164 86 86 218 270 205 67 190 197 234 264 97 25 20 193 177 241 308 188 205 216 93 280 166 82 146 230 162 147 180 134 83 203 179 140 161 214 158 181 182 296 59 114 170 185 102 184 132 166 170 231 172 321 309 232 205 193 275 91 289 333 117 89 163 125 275 92 230 158 225 166 212 229 317 248 215 175 93 119 239 111 213 142 204 274 242 307 66 167 177 275 243 78 37 269 71 169 90 203 239 126 269 257 121 197 57 101 222 248 211 176 252 226 319 39 288 185 165 67 293 279 308 193 269 310 240 157 227 245 118 199 173 306 198 224 153 218 156 118 179 188 245 273 311 206 158 134 210 81 204 143 213 246 188 223 124 132 308 113 311 299 202 234 203 118 293 204 336 149 53 151 306 262 224 309 120 228 321 207 64 53 272 61 144 191 233 95 347 49 29 102 217
57 83 165 104 214 136 143 219 144 169 119 161 209 146 121 126 63 151 107 93 180 128 92 51 161 141 110 96 111 64 105 84 57 106 0 159 229 127 102 84 72 71 75 20 80 72 118 47 245 121 175 39 47 207 192 137 84 83 103 161 188 126 125 139 90 140 102 144 164 99 125 84 97 160 190 117 115 104 119 103 135 234 82 131 110 157 206 60 70 58 156 132 135 106 72 189 129 73 34 117 140 52 75 108 222 91 74 96 111 30 92 134 114 96 125 98 215 203 158 99 119 169 29 183 259 43 99 215 81 201 98 156 54 151 60 138 133 211 142 109 101 15 201 165 37 107 68 98 200 168 233 72 93 117 169 169 104 79 195 83 199 190 97 165 70 195 183 139 123 89 73 148 174 137 124 178 120 213 117 214 79 91 139 219 173 234 87 163 236 166 83 121 139 12 125 71 200 92 150 133 126 76 64 179 114 171 167 205 132 84 60 104 59 130 69 139 140 114 145 160 26 202 183 237 225 128 128 129 44 219 130 262 115 99 199 200 156 118 235 146 122 247 161 164 141 198 77 70 89 147 163 241 57 103 114 143
214 174 110 55 133 217 302 138 191 222 56 26 102 17 38 153 222 166 104 66 25 223 251 210 242 220 49 247 192 113 186 243 172 233 159 0 160 174 137 179 87 152 234 139 229 137 101 162 326 166 134 184 182 126 111 156 75 76 58 320 269 33 34 216 69 299 261 23 245 220 166 165 256 21 185 276 208 213 74 56 216 161 163 144 191 316 105 141 229 121 71 71 294 265 99 150 52 164 187 276 19 141 156 51 63 174 233 63 48 131 159 293 273 77 206 143 296 284 33 180 76 250 142 264 136 116 144 134 108 74 257 131 133 68 141 49 204 292 223 224 58 144 120 26 122 188 91 201 175 57 96 231 84 56 250 20 263 238 206 162 118 143 178 56 229 186 206 112 36 248 232 155 207 52 57 91 201 294 194 55 200 68 298 60 254 75 168 244 77 7 76 202 220 151 60 148 281 235 181 80 193 235 223 98 135 62 248 286 27 109 99 185 152 29 90 48 221 147 198 109 141 283 120 78 124 33 209 30 115 92 29 103 274 258 118 281 237 199 76 305 203 88 80 169 180 51 172 119 248 208 138 322 208 204 131 86
284 244 244 125 293 219 372 22 261 62 198 134 58 177 160 103 292 236 186 136 185 293 321 280 222 88 125 317 222 165 200 313 242 303 229 160 0 244 207 249 157 220 304 209 299 157 197 232 178 236 54 254 252 286 271 226 145 162 126 390 219 133 136 90 139 369 331 183 193 290 236 205 326 139 39 346 278 283 110 162 250 5 177 98 167 386 55 181 299 171 89 211 364 335 169 268 108 234 257 346 153 211 154 171 125 244 303 165 128 201 137 363 343 133 256 131 142 210 127 192 110 214 212 110 30 186 214 294 178 86 327 73 175 228 209 111 96 150 233 294 162 214 280 186 192 170 161 271 29 103 64 301 136 196 192 140 333 308 46 232 278 269 176 216 299 34 46 218 190 318 302 81 55 108 203 69 261 134 264 169 270 138 368 150 146 109 238 226 107 161 154 228 106 221 104 158 197 305 79 212 103 305 293 258 115 98 106 218 177 145 169 231 222 167 160 208 253 115 84 239 211 159 262 126 36 127 203 138 185 68 153 109 344 328 278 121 159 197 148 375 239 142 240 243 250 109 242 159 318 82 242 176 278 274 201 86
184 44 64 119 87 263 128 234 17 268 118 176 224 161 136 199 104 24 70 108 195 255 89 98 288 266 125 223 238 159 232 113 184 59 127 174 244 0 37 43 87 198 160 115 207 183 73 174 372 8 190 166 174 80 97 18 99 98 118 146 315 141 140 262 115 125 107 159 291 226 8 211 218 175 231 118 34 39 134 118 262 249 209 190 237 142 221 187 103 167 171 103 168 201 75 62 144 200 161 182 155 179 202 123 237 36 135 111 126 97 205 153 187 123 252 189 342 330 173 226 134 296 98 310 274 90 30 104 66 216 113 177 179 166 187 153 250 338 269 236 116 114 74 180 126 234 97 225 221 183 248 87 130 118 296 184 99 64 252 44 110 63 224 180 147 232 252 62 138 78 122 201 253 152 117 193 247 340 20 229 206 114 124 234 300 249 214 290 251 181 98 248 266 139 140 194 327 219 227 94 239 177 139 120 181 186 294 332 147 155 117 231 68 145 84 154 267 193 244 65 153 329 56 252 240 143 255 144 93 234 145 277 170 84 92 327 283 245 250 141 249 262 148 37 14 213 50 165 212 254 36 368 70 30 43 158
159 37 63 82 112 238 165 197 54 243 81 139 187 124 99 174 85 49 33 81 158 230 114 73 263 241 88 198 213 134 207 106 159 96 102 137 207 37 0 42 54 173 135 90 182 158 36 149 347 29 155 141 149 105 90 35 62 61 81 183 290 104 103 237 90 162 124 122 266 201 29 186 193 138 206 139 71 76 97 81 237 212 184 165 212 179 184 162 92 142 134 66 157 176 38 87 107 175 136 157 118 154 177 86 200 37 110 74 89 72 180 156 162 98 227 164 317 305 136 201 97 271 73 285 237 65 7 113 29 179 120 152 154 129 162 116 225 313 244 211 79 89 99 143 101 209 72 200 196 146 211 94 105 81 271 147 126 101 227 25 97 88 199 143 122 207 227 37 101 111 97 176 228 115 80 156 222 315 57 192 181 89 161 197 275 212 189 265 214 144 61 223 241 114 103 169 302 194 202 57 214 152 114 83 156 149 269 307 110 130 92 206 43 108 47 117 242 168 219 58 128 304 81 215 203 106 230 107 68 197 108 240 145 121 97 302 258 220 213 168 224 225 111 62 43 176 35 140 187 229 61 343 71 67 12 121
141 5 81 124 130 220 123 239 60 225 123 181 229 166 141 156 61 67 75 113 200 212 72 55 245 223 130 180 195 116 189 70 141 54 84 179 249 43 42 0 92 155 117 72 164 140 78 131 329 37 195 123 131 123 108 53 104 103 123 141 272 146 145 219 110 120 82 164 248 183 41 168 175 180 210 97 31 34 139 123 219 254 166 151 194 137 226 144 60 124 176 108 125 158 80 105 149 157 118 139 160 136 159 128 242 7 92 116 131 54 162 114 144 116 209 146 299 287 178 183 139 253 55 267 279 63 35 131 71 221 78 176 136 171 144 158 207 295 226 193 121 71 117 185 83 191 88 182 220 188 253 52 113 123 253 189 84 59 215 17 115 106 181 185 104 215 209 67 143 69 79 168 210 157 122 198 204 297 33 234 163 111 119 239 257 254 171 247 256 186 103 205 223 96 145 151 284 176 184 99 196 134 96 125 138 191 251 289 152 112 80 188 27 150 89 159 224 150 201 76 110 286 99 257 245 148 212 149 64 239 150 282 127 79 115 284 240 202 255 126 206 267 153 80 57 218 7 122 169 211 79 325 29 25 48 163
127 87 117 32 166 184 215 147 104 189 71 89 137 74 49 120 135 103 59 27 108 176 164 123 209 187 38 160 159 80 153 156 105 146 72 87 157 87 54 92 0 119 147 52 142 104 70 95 293 79 103 97 95 159 144 89 14 35 31 233 236 54 53 183 36 212 174 72 212 147 79 132 169 88 152 189 121 126 47 35 183 162 130 111 158 229 134 108 142 88 84 84 207 178 24 141 57 121 100 189 68 100 123 44 150 87 146 38 39 44 126 206 186 44 173 110 263 251 86 147 47 217 55 231 187 29 57 167 33 129 170 98 100 101 108 66 171 259 190 157 35 57 153 93 47 155 18 146 142 96 161 144 51 69 217 97 176 151 173 75 151 142 145 93 142 153 173 91 63 161 145 122 174 65 76 106 168 261 107 142 127 35 211 147 221 162 135 211 164 94 27 169 187 64 53 115 248 148 148 85 160 148 136 131 102 99 215 253 60 76 38 152 65 58 7 81 188 114 165 112 74 250 135 165 153 56 176 57 28 147 58 190 187 171 151 248 204 166 163 218 170 175 113 116 93 126 85 86 161 175 115 289 121 117 66 71
